97.5996
133.557
155.807
122.574
2.84217e-13
93.545
128.465
150.602
112.576
2.84217e-13
100.539
135.732
152.901
117.51
2.84217e-13
107.705
142.519
155.463
122.797
2.84217e-13
97.5617
132.078
146.834
107.195
2.84217e-13
104.094
138.619
149.777
112.678
2.84217e-13
110.8
144.713
152.913
118.429
2.84217e-13
117.957
150.685
156.303
124.712
2.84217e-13
96.1515
130.044
139.31
96.1515
2.84217e-13
102.149
136.346
142.906
102.149
2.84217e-13
108.173
142.021
146.577
108.173
2.84217e-13
114.403
147.356
150.346
114.403
2.84217e-13
121.109
152.616
154.32
121.109
2.84217e-13
107.195
140.976
139.045
97.5617
2.84217e-13
112.678
145.714
143.476
104.094
2.84217e-13
118.429
150.262
147.907
110.8
2.84217e-13
124.712
154.818
152.504
117.957
2.84217e-13
112.576
145.649
135.501
93.545
2.84217e-13
117.51
149.465
140.665
100.539
2.84217e-13
122.797
153.247
145.757
107.705
2.84217e-13
122.574
153.067
138.339
97.5996
2.84217e-13
